#WINDOW
WINX	1024
WINY	768
#ORIGIN
POS	-1000,0,0
ROT	0,0,0
#FORMS
TYPE	SIZE	POSITION	COLOR		ROTATION	LUMINOSITY	POWER	REFLEXION	TRANSPARANCY
--------------------------------------------------------------------------------------------------------------------
CYLIND	25.0	-820,105,0	0,0,1		0,0,0		1,1,1		1	1		1
CYLIND	25.0	-820,-105,0	0,0,1		0,0,0		1,1,1		1	1		1
CYLIND	80.0	300,350,0	0,1,0		0,0,0		1,1,1		1	1		1
CYLIND	80.0	300,-350,0	0,1,0		0,0,0		1,1,1		1	1		1
SPHERE	50.0	-500,0,-53	1,0,0.5		0,0,0		1,1,1		1	0		0
SPHERE	90.0	-200,300,350	0,0,0.5		0,0,0		1,1,1		1	0		0
SPHERE	100.0	-90,-380,100	0,0,0.5		0,0,0		1,1,1		1	0		0
PLAN	0	0,0,-100	1,0,1		0,0,0		1,1,1		1	1		1
PLAN	0	0,0,360.0		1,0,1		0,0,0		1,1,1		1	1		1
LIGHT	-	-600,0,400	-		-		1,1,1		1	-		-
LIGHT	-	-1000,-400,200	-		-		1,1,1		1	-		-
LIGHT	-	1000,400,200	-		-		1,1,1		1	-		-
#EOF

